alpha=1.679440	s_1=3.716647	s_2=12.601774	s_3=2.859305
tracer0001	x_0[1][1]=-0.961924	x_0[1][2]=-0.011325	x_0[1][3]=-0.000819
tracer0001	v_0[1][1]=0.046957	v_0[1][2]=-1.019088	v_0[1][3]=0.004446
step=0.000000e+00	N_tr=1	i_sys=001	t=7.49e-03[yr]
step=1.000000e+05	N_tr=1	i_sys=001	t=7.47e+02[yr]
dt_[i_sys]=4.954315e-02	E_error=-1.686630285069988e-06	L_error=-8.321522651896378e-07
step=1.338010e+05
t_ene[0]=6.283185e+01
t_ene[1]=6.283185e+02
t_ene[2]=6.283185e+03

real	0m0.382s
user	0m0.248s
sys	0m0.006s
